8485569072016616838916936419163854
19545386583792294629577096841877765
19545386583792294629577096841877765
19545386583792294629577096841877765
20295805974805117635606122173543526
19545386583792294629577096841877765
6271725000460759139137137480917792
19545386583792294629577096841877765
9298811260685627765308867743197234
472622309005504593303930047207728
19545386583792294629577096841877765
472622309005504593303930047207728
472622309005504593303930047207728
14561357071683117991283287592032839
20557385750472175408538471325129859
767854989449429774820682480693805
19545386583792294629577096841877765
4181032609031776076317162627973041
14595978235254703060437417306680807
20557385750472175408538471325129859
19003642207347690541853697570955216
8485569072016616838916936419163854
20295805974805117635606122173543526
6271725000460759139137137480917792
